arglina 1 1 1 1 2 3 1 1 1 1 1 1
arglinb 0 1 72 0 1 71 1 2 3 1 2 3
arglinc 1 2 2 0 1 69 1 2 3 1 2 3
bard 1 7 7 1 19 24 1 19 19 1 21 26
bdqrtic 1 10 10 0 123 317 0 37 102 0 15 58
beale 1 9 10 1 14 18 1 12 12 1 12 12
biggs6 1 38 51 1 72 81 1 34 35 1 60 62
box3 1 8 9 1 20 21 1 21 21 1 19 19
brownal 1 7 7 1 9 15 1 9 13 1 10 13
brownbs 1 8 8 1 11 28 1 11 27 1 13 16
brownden 1 8 8 0 20 123 0 17 43 1 13 13
chainwoo 1 90 145 2 200 834 2 200 238 2 200 269
chnrosnb 1 52 92 1 173 327 1 171 187 1 76 104
cube 1 28 36 1 27 44 1 40 50 1 34 40
deconvu 1 44 50 1 103 157 1 50 65 1 41 46
denschnb 1 6 12 1 8 10 1 7 8 1 7 8
denschnc 1 11 12 1 16 22 1 18 21 1 12 12
denschnd 1 35 52 1 80 116 1 85 89 1 88 90
denschne 1 10 11 1 24 39 1 22 33 1 22 33
denschnf 1 6 6 1 11 26 1 8 8 1 7 7
eigenals 1 23 27 1 97 135 1 108 111 1 104 107
eigenbls 1 119 155 2 200 331 2 200 213 1 170 172
engval2 1 16 20 1 31 46 1 33 38 1 29 34
errinros 1 29 40 2 200 409 2 200 207 1 80 100
expfit 1 6 9 1 11 18 1 12 17 1 12 17
extrosnb 1 0 0 1 0 0 1 0 0 1 0 0
genhumps 1 47 93 1 77 99 1 101 145 1 90 156
genrose 2 200 302 2 200 464 2 200 292 2 200 302
growthls 1 75 98 1 1 9 0 120 196 1 99 107
gulf 1 21 27 1 28 39 1 30 33 1 30 36
hatfldd 1 20 21 1 27 34 1 30 33 1 29 31
hatflde 1 19 21 1 27 37 1 28 31 1 26 30
heart6ls 2 200 252 2 200 298 2 200 252 2 200 209
heart8ls 1 74 99 2 200 279 2 200 233 2 200 202
helix 1 10 12 1 28 35 1 24 27 1 23 26
himmelbf 1 10 10 0 30 87 0 31 85 1 30 38
humps 2 200 506 1 86 213 1 193 466 2 200 486
kowosb 1 8 18 1 28 32 1 27 29 1 27 27
mancino 1 5 5 1 125 251 1 33 37 1 13 17
meyer3 2 200 267 2 200 298 2 200 252 2 200 208
msqrtals 1 33 57 2 200 499 2 200 205 2 200 203
msqrtbls 1 28 39 2 200 509 2 200 205 2 200 203
nonmsqrt 1 137 189 2 200 260 0 148 191 0 141 191
osbornea 0 0 0 0 0 0 0 0 0 0 0 0
osborneb 1 19 22 1 53 72 1 50 62 1 63 71
palmer5c 1 1 1 1 6 12 1 13 13 1 13 13
palmer6c 1 1 1 1 43 48 1 43 44 1 43 44
palmer7c 1 1 1 1 40 44 1 39 40 1 39 40
palmer8c 1 1 1 1 41 45 1 40 41 1 40 41
penalty1 1 40 42 2 200 266 1 71 78 1 54 55
penalty2 1 19 20 0 0 0 0 60 115 0 29 75
pfit1ls 2 200 268 2 200 267 2 200 257 1 135 145
pfit2ls 1 119 160 2 200 275 1 72 94 1 43 51
pfit3ls 2 200 271 0 0 0 2 200 251 2 200 206
pfit4ls 2 200 278 0 0 0 2 200 254 2 200 212
rosenbr 1 22 28 1 36 52 1 27 33 1 27 30
s308 1 9 10 1 14 18 1 14 14 1 11 11
sensors 1 30 54 2 200 636 1 43 53 1 32 38
sineval 1 44 61 1 69 100 1 55 70 1 53 61
watson 1 12 12 1 61 80 1 56 56 1 53 53
yfitu 1 38 48 1 63 86 1 50 63 1 46 50